00011100
11100110
01001001
11001000
01011010
10010001
01010110
10011101
11110111
10001110
01101001
01101100
00100000
01011110
00010011
01001010
10010111
00110100
11101011
00011100
11010101
01001000
11111110
01101010
10000110
00101111
00110111
11001110
00011010
10010110
00110000
01100010
11110101
00101011
10110111
01100001
11010000
11011111
01010110
01111110
01001111
00010100
00111110
10110011
01100011
10110001
00111011
11101101
10101101
00110101
00101101
10111101
10000111
10111011
11101000
11100000
01000110
10011000
11011000
10111001
01001111
00010010
01010110
00100000
01001100
10110110
00111111
11010000
00001010
11110100
10100011
11001110
11010100
00000101
01110001
01101101
01010101
10110100
01011101
10000010
10111110
10111110
10011100
00110110
00110000
11100110
11000110
00000110
10110111
11110011
10111110
00000100
00101000
10010001
10110010
01100111
11001011
00001101
11111010
00011000